2002 : 14.2 , 67.1 , 18.7
2003 : 14.1 , 66.8 , 19.1
2004 : 14.1 , 66.6 , 19.3
2005 : 14.1 , 66.4 , 19.5
2006 : 14.1 , 66.2 , 19.7
2007 : 14.1 , 66.0 , 20.0
2008 : 14.0 , 65.9 , 20.0
2009 : 14.0 , 65.8 , 20.1
2010 : 14.0 , 65.7 , 20.2
2011 : 14.0 , 65.7 , 20.3
2012 : 14.0 , 65.2 , 20.8
2013 : 14.0 , 64.8 , 21.2
2014 : 13.9 , 64.7 , 21.4
2015 : 13.8 , 64.5 , 21.7
2016 : 13.7 , 64.3 , 22.0
2017 : 13.5 , 64.2 , 22.3
2018 : 13.4 , 64.1 , 22.6
2019 : 13.2 , 64.0 , 22.9
2020 : 13.0 , 63.8 , 23.2
2021 : 12.9 , 63.6 , 23.5
2022 : 12.7 , 63.5 , 23.8